c zaza 3

i 30 9 8 8
i 94 2 12 2
i 21 1 1 1
i 73 1 1 1
i 59 2 2 2
i 62 2 2 2
i 89 2 2 2
i 95 1 1 1
i 36 2 2 2
i 8 1 1 1

i 7 1 1 1
i 20 9 8 7
i 6 2 2 2
i 39 2 2 2
i 68 1 1 1
i 99 12 2 2
i 77 1 1 1
i 79 2 2 2
i 12 2 2 2
i 37 1 1 1

i 23 1 1 1
i 18 1 1 1
i 47 1 1 1
i 91 1 1 1
i 24 2 2 2
i 54 2 2 2
i 50 51 52 52
i 67 1 1 1
i 71 1 1 1
i 25 1 1 1

i 27 1 1 1
i 76 2 2 2
i 85 1 1 1
i 63 1 1 1
i 70 90 8 2
i 60 1 1 99
i 2 2 2 2
i 26 2 2 2
i 97 1 1 1
i 11 1 1 1

i 46 2 2 2
i 43 1 1 1
i 74 2 2 2
i 10 2 2 2
i 78 1 1 1
i 41 1 1 1
i 53 1 1 1
i 15 1 1 1
i 17 1 1 1
i 93 1 1 1
i 34 2 2 2
i 1 1 1 1
i 72 2 2 2
i 84 2 2 2
i 56 2 2 2
i 92 2 2 2
i 35 1 1 1
i 44 2 2 2
i 65 1 1 1
i 31 1 1 1
i 75 1 1 1
i 86 2 2 2
i 64 2 2 2
i 33 1 1 1
i 55 1 1 1
i 4 2 2 2
i 5 1 1 1
i 40 8 7 7
i 90 95 85 22
i 58 1 1 1
i 100 910 8 2
i 61 1 1 1
i 66 2 2 2
i 80 10 8 2
i 49 2 2 2
i 96 2 21 2
i 14 2 2 2
i 83 1 1 1
i 19 2 2 2
i 69 2 2 2
i 16 2 2 2
i 52 2 2 2
i 9 2 2 2
i 38 1 1 1
i 88 1 1 1
i 57 1 1 1
i 29 2 2 2
i 81 1 1 1
i 98 11 1 1
i 13 1 1 1
i 22 2 2 2
i 3 1 1 1
i 48 1 1 1
i 32 2 2 2
i 28 1 1 1
i 42 2 2 2
i 87 1 1 1
i 51 1 1 1
i 82 2 2 2
i 45 1 1 1

d 5 d 4 d3 d7 d6 d11 d10 d9 

8
