i 16 3 65 83
i 39 69 83 91
i 891 78 13 89
i 754 96 13 94
i 731 66 81 93
i 935 76 39 73
i 860 24 67 34
i 533 59 79 90
i 328 57 41 12
i 977 26 47 21
i 863 20 56 51
i 926 2 92 38
i 978 1 60 50
i 578 23 11 29
i 255 14 2 43
i 385 38 60 79
i 712 33 34 59
i 700 85 39 85
i 632 36 94 91
i 861 31 95 19
i 950 40 55 20
i 150 29 41 85
i 503 67 23 7
i 164 26 92 37
i 548 56 17 63
i 559 68 46 29
i 129 9 92 62
i 770 24 71 44
i 494 2 2 79
i 184 0 34 68
i 165 74 3 43
i 331 52 36 90
i 510 40 24 98
i 527 19 41 26
i 952 31 39 36
i 506 97 61 36
i 243 84 15 56
i 623 98 59 56
i 75 41 7 98
i 993 72 42 38
i 501 48 8 23
i 750 59 58 10
i 938 22 89 81
i 158 18 66 53
i 132 52 75 69
i 234 43 74 49
i 294 42 33 71
i 710 78 6 67
i 582 10 25 6
i 426 51 27 65
i 493 26 82 60
i 865 53 75 2
i 162 3 46 6
i 261 26 92 0
i 83 79 78 58
i 456 38 99 6
i 922 2 22 43
i 586 96 31 76
i 672 51 90 76
i 374 53 93 94
i 558 64 77 55
i 344 48 25 18
i 880 35 98 93
i 401 71 38 7
i 552 8 71 4
i 524 33 54 76
i 776 24 8 17
i 20 71 3 97
i 107 74 78 47
i 560 84 11 34
i 194 37 93 89
i 30 14 38 53
i 435 85 98 77
i 997 76 13 61
i 384 52 68 0
i 353 47 67 60
i 803 60 17 91
i 301 38 89 84
i 461 51 73 16
i 801 88 85 21
i 36 73 80 51
i 589 31 69 62
i 318 76 23 60
i 213 89 21 2
i 34 58 82 87
i 867 65 70 14
i 324 62 61 43
i 321 62 10 96
i 387 95 8 20
i 511 19 37 26
i 526 19 26 13
i 92 81 82 65
i 923 99 96 6
i 171 94 97 33
i 508 54 97 91
i 812 34 3 44
i 857 47 73 81
i 373 32 29 56
i 676 91 34 10
i 627 37 9 34
i 430 15 93 6
i 595 53 37 6
i 470 53 55 57
i 984 42 35 35
i 90 71 88 57
i 172 65 18 78
i 12 87 76 58
i 477 34 10 37
i 296 14 44 54
i 288 58 39 38
i 701 84 3 36
i 41 76 98 66
i 270 46 64 51
i 659 21 31 13
i 820 93 76 64
i 771 72 11 86
i 644 17 10 30
i 467 18 22 33
i 577 15 76 63
i 109 27 29 67
i 563 86 74 23
i 749 62 13 37
i 68 87 97 9
i 343 94 64 17
i 6 57 37 4
i 874 37 34 83
i 193 39 52 36
i 654 78 31 37
i 936 0 61 29
i 254 23 77 2
i 252 57 82 31
i 513 66 90 43
i 528 43 59 96
i 366 5 94 57
i 438 11 18 99
i 847 73 95 9
i 44 48 94 83
i 188 20 24 96
i 289 91 64 60
i 790 7 94 14
i 979 47 59 6
i 130 55 3 61
i 181 24 85 2
i 55 82 38 35
i 687 67 53 16
i 341 27 42 73
i 319 53 71 27
i 125 45 57 62
i 452 42 76 39
i 744 22 95 54
i 471 82 36 76
i 424 57 47 31
i 350 70 97 41
i 601 96 68 1
i 719 7 31 12
i 416 83 22 13
i 63 7 27 27
i 868 52 0 80
i 553 88 90 14
i 797 25 35 95
i 340 12 2 4
i 1000 55 19 81
i 756 44 25 66
i 436 33 91 26
i 80 38 36 57
i 460 27 39 95
i 934 88 85 44
i 116 49 10 90
i 734 25 78 9
i 364 16 6 60
i 775 6 23 1
i 103 95 1 76
i 71 29 36 61
i 149 51 87 6
i 291 69 36 71
i 897 61 12 59
i 281 54 40 83
i 954 97 99 2
i 298 16 58 37
i 718 79 47 47
i 2 34 29 56
i 683 64 96 82
i 667 40 88 20
i 488 38 79 36
i 729 84 99 77
i 433 18 82 40
i 546 77 82 6
i 543 23 71 75
i 912 6 79 29
i 605 90 40 59
i 970 21 72 61
i 550 72 65 25
i 944 87 79 61
i 415 78 30 78
i 1 21 73 18
i 517 91 86 79
i 869 91 84 64
i 199 48 22 98
i 799 20 9 86
i 179 54 87 80
i 28 10 70 59
i 207 27 15 47
i 852 59 50 32
i 264 86 55 70
i 218 57 6 13
i 464 63 9 1
i 836 55 44 35
i 630 81 54 42
i 808 70 25 34
i 679 15 12 85
i 590 7 0 44
i 896 91 0 22
i 278 74 25 81
i 766 26 34 81
i 282 49 95 95
i 352 60 87 98
i 217 5 79 20
i 678 61 64 12
i 611 58 40 47
i 549 3 85 57
i 545 57 23 80
i 648 99 55 2
i 625 72 55 32
i 175 69 33 37
i 283 43 69 99
i 705 44 81 21
i 72 98 46 84
i 800 22 59 41
i 443 50 40 28
i 554 75 46 3
i 332 26 17 77
i 732 82 34 46
i 945 32 82 96
i 232 88 40 56
i 583 11 85 77
i 94 58 22 13
i 653 94 86 77
i 638 76 25 75
i 327 42 43 87
i 537 58 82 76
i 929 27 87 11
i 139 0 26 93
i 391 99 29 76
i 131 53 48 34
i 371 13 84 62
i 745 47 47 39
i 894 2 29 55
i 190 50 19 49
i 948 49 55 13
i 876 29 23 98
i 29 94 59 93
i 418 85 41 49
i 431 73 46 71
i 593 9 37 45
i 180 27 6 38
i 454 4 85 79
i 843 78 30 98
i 621 31 34 31
i 7 53 43 1
i 617 31 92 83
i 359 77 1 32
i 167 49 47 53
i 925 40 65 73
i 440 11 76 3
i 144 44 17 20
i 98 50 25 33
i 81 62 5 85
i 315 69 16 8
i 203 68 91 40
i 57 7 59 62
i 556 1 58 86
i 414 42 13 55
i 389 43 8 86
i 86 66 76 96
i 240 10 83 78
i 615 85 8 30
i 54 31 42 3
i 413 53 28 0
i 434 46 48 62
i 747 72 21 98
i 839 37 25 83
i 811 88 61 85
i 152 86 43 68
i 930 28 86 6
i 47 83 80 31
i 226 16 4 6
i 695 26 97 46
i 425 1 74 99
i 441 28 68 53
i 337 12 82 85
i 919 86 82 24
i 574 34 69 30
i 895 15 10 58
i 643 68 11 39
i 989 15 10 98
i 905 34 49 31
i 96 92 45 82
i 610 4 68 16
i 295 89 92 45
i 214 19 41 64
i 392 30 56 10
i 260 59 92 39
i 145 3 64 39
i 275 20 15 46
i 241 19 67 45
i 84 57 59 74
i 837 30 24 65
i 723 50 10 61
i 856 8 7 53
i 793 55 44 30
i 205 23 61 70
i 898 83 77 31
i 848 3 75 49
i 795 70 27 92
i 689 84 75 15
i 448 22 90 95
i 219 84 89 73
i 561 65 21 1
i 89 4 10 75
i 828 71 46 31
i 351 87 40 62
i 473 24 54 91
i 531 76 4 93
i 594 46 45 64
i 449 68 82 77
i 104 52 18 47
i 388 26 78 23
i 156 78 52 62
i 347 42 15 41
i 307 18 70 5
i 588 70 32 83
i 757 97 71 68
i 547 26 83 42
i 82 64 80 14
i 777 78 14 38
i 25 21 6 27
i 645 23 51 76
i 397 7 9 97
i 717 23 39 23
i 692 7 45 15
i 850 53 95 95
i 986 26 65 32
i 236 27 97 32
i 468 83 16 20
i 764 89 84 22
i 155 48 81 86
i 239 24 85 41
i 602 55 42 54
i 348 85 96 58
i 990 82 68 6
i 650 28 49 35
i 706 8 36 22
i 789 52 57 96
i 216 28 58 45
i 976 33 44 31
i 442 35 76 85
i 538 28 68 4
i 370 67 30 84
i 498 42 21 25
i 32 18 92 10
i 618 86 7 18
i 557 47 37 55
i 126 30 95 31
i 141 79 86 63
i 961 20 93 97
i 969 87 14 34
i 866 64 81 54
i 649 29 12 48
i 522 62 87 70
i 631 5 2 70
i 465 8 87 21
i 666 38 7 6
i 444 30 34 92
i 463 18 61 28
i 333 78 53 84
i 846 59 44 57
i 235 35 67 92
i 265 24 71 77
i 124 48 68 17
i 680 29 7 63
i 859 56 75 40
i 981 43 55 25
i 785 9 81 20
i 367 75 49 85
i 262 40 95 32
i 146 12 70 51
i 499 26 41 52
i 883 31 51 13
i 652 75 19 60
i 224 39 34 95
i 575 97 74 57
i 97 96 14 20
i 609 87 28 21
i 192 24 71 38
i 773 47 36 44
i 249 13 62 37
i 972 93 7 53
i 383 50 17 98
i 74 16 3 88
i 662 62 11 75
i 958 96 62 65
i 619 61 72 35
i 45 58 88 94
i 19 26 98 96
i 70 35 50 60
i 708 86 96 12
i 427 78 99 88
i 451 94 31 15
i 507 94 54 46
i 14 86 69 93
i 885 9 93 76
i 933 97 62 86
i 135 13 55 84
i 888 80 25 20
i 189 43 67 52
i 259 66 2 78
i 509 87 94 60
i 345 35 91 85
i 271 59 63 76
i 105 37 58 30
i 128 91 36 34
i 439 75 35 9
i 64 77 33 99
i 147 15 43 83
i 902 69 94 83
i 320 67 97 30
i 694 90 43 53
i 53 4 57 99
i 21 99 44 4
i 406 65 67 91
i 238 62 80 86
i 884 59 22 15
i 832 10 84 72
i 626 64 44 92
i 642 56 50 76
i 567 92 23 83
i 93 63 24 4
i 962 70 21 63
i 587 29 11 58
i 927 98 9 27
i 910 26 4 40
i 940 58 95 77
i 767 24 48 89
i 360 84 89 23
i 714 7 96 10
i 657 49 64 51
i 462 85 15 64
i 491 83 25 71
i 570 83 20 50
i 490 38 39 85
i 955 27 80 31
i 233 11 39 68
i 497 95 93 24
i 17 99 65 25
i 598 22 83 65
i 690 20 81 96
i 616 49 43 21
i 423 50 94 63
i 568 17 65 6
i 951 5 56 96
i 988 54 57 71
i 738 24 24 44
i 688 98 38 92
i 585 54 0 59
i 540 64 43 8
i 612 29 38 16
i 968 92 1 58
i 338 3 30 80
i 900 42 44 35
i 267 20 66 2
i 730 40 60 56
i 685 76 58 88
i 787 15 39 89
i 37 80 20 30
i 816 7 35 88
i 330 61 44 85
i 142 32 31 36
i 886 39 15 72
i 529 77 0 95
i 35 62 36 25
i 309 72 73 72
i 455 32 56 26
i 3 50 71 20
i 43 81 63 2
i 722 62 98 89
i 835 89 35 55
i 661 66 75 38
i 822 90 83 99
i 514 83 82 73
i 562 47 92 43
i 573 43 0 3
i 302 57 27 0
i 349 21 27 56
i 15 57 35 64
i 599 40 46 33
i 183 57 49 20
i 310 96 83 32
i 781 72 25 31
i 943 1 96 73
i 980 19 97 99
i 266 50 82 70
i 215 44 74 95
i 24 9 49 11
i 541 24 83 37
i 112 28 34 44
i 412 74 31 97
i 971 4 75 64
i 5 54 24 15
i 230 46 3 2
i 482 97 84 83
i 290 26 70 38
i 871 88 83 93
i 51 12 48 53
i 76 50 6 71
i 355 61 29 41
i 675 23 68 34
i 973 29 27 67
i 647 76 45 72
i 502 15 32 14
i 911 26 92 90
i 606 37 74 23
i 505 27 57 8
i 27 88 56 80
i 187 28 88 89
i 774 79 67 70
i 604 37 30 75
i 113 98 39 20
i 840 29 73 58
i 555 91 56 64
i 608 5 82 84
i 356 89 8 12
i 918 28 65 52
i 33 82 93 77
i 396 44 26 21
i 409 36 71 74
i 60 94 21 86
i 829 48 83 10
i 622 92 31 35
i 908 24 63 79
i 833 19 89 5
i 579 24 76 16
i 469 23 77 14
i 56 12 2 99
i 257 62 11 84
i 640 32 13 84
i 382 63 27 1
i 419 8 77 43
i 941 59 20 4
i 69 74 62 14
i 408 97 42 19
i 304 26 77 12
i 421 37 76 44
i 177 26 74 15
i 733 6 5 19
i 457 28 77 28
i 182 44 86 21
i 300 88 96 61
i 670 36 69 88
i 758 91 34 7
i 713 55 23 14
i 26 88 7 67
i 133 17 26 16
i 169 0 6 50
i 246 61 26 0
i 674 69 27 64
i 784 18 74 60
i 500 37 26 73
i 8 68 86 32
i 892 36 33 73
i 18 28 88 97
i 329 9 67 39
i 921 47 61 62
i 580 94 88 75
i 703 96 19 67
i 830 50 66 94
i 99 86 13 60
i 22 78 88 23
i 637 11 49 97
i 138 98 94 42
i 280 55 24 28
i 101 17 96 41
i 268 58 12 88
i 429 33 68 3
i 42 43 51 67
i 819 83 48 55
i 751 44 50 2
i 110 71 31 23
i 974 50 96 28
i 525 98 36 48
i 823 44 70 13
i 453 28 27 83
i 285 15 87 60
i 114 9 71 59
i 251 26 62 47
i 378 31 23 5
i 303 36 34 51
i 481 58 36 93
i 534 38 33 6
i 221 64 15 45
i 539 4 80 75
i 474 19 76 96
i 841 19 20 65
i 191 48 80 85
i 228 7 96 60
i 671 47 16 57
i 982 60 72 58
i 807 29 91 88
i 571 25 64 86
i 256 31 52 93
i 715 22 27 50
i 23 20 21 56
i 523 95 6 24
i 363 64 13 55
i 336 50 5 90
i 168 27 45 58
i 995 40 10 48
i 761 34 57 95
i 780 67 36 79
i 669 59 84 27
i 422 74 81 43
i 212 61 26 47
i 724 2 88 20
i 551 27 6 15
i 38 5 83 34
i 693 15 27 75
i 576 28 4 2
i 202 0 80 2
i 736 68 34 56
i 825 62 19 62
i 702 75 92 14
i 118 16 85 23
i 855 30 55 91
i 826 29 78 33
i 684 72 28 31
i 314 42 50 34
i 862 67 47 85
i 677 6 5 3
i 769 42 95 92
i 763 30 69 27
i 394 50 23 49
i 569 57 31 92
i 197 23 42 70
i 472 41 12 52
i 305 38 9 94
i 849 76 49 29
i 920 87 71 86
i 198 26 56 54
i 237 22 49 32
i 354 97 39 75
i 966 80 49 42
i 725 71 69 24
i 284 94 52 50
i 312 15 38 43
i 196 75 95 69
i 842 14 35 92
i 660 91 55 24
i 845 85 44 5
i 804 73 37 77
i 136 78 10 50
i 709 47 61 83
i 909 96 37 96
i 629 22 94 25
i 956 39 84 53
i 665 75 6 12
i 466 19 71 51
i 720 28 69 20
i 737 30 85 36
i 432 48 87 77
i 949 49 50 51
i 914 70 19 90
i 887 22 35 76
i 377 31 6 42
i 166 72 69 34
i 46 30 21 42
i 450 35 42 39
i 134 76 24 93
i 939 43 17 49
i 11 73 85 96
i 362 29 38 65
i 229 17 76 52
i 87 11 87 42
i 108 25 76 56
i 899 1 12 51
i 858 85 85 79
i 176 39 0 60
i 10 32 40 93
i 716 85 94 88
i 154 61 2 53
i 873 26 47 87
i 607 70 76 9
i 411 15 67 66
i 410 59 52 59
i 361 52 50 40
i 824 87 22 83
i 516 90 87 94
i 699 18 96 7
i 227 51 9 60
i 208 75 90 99
i 486 34 85 89
i 953 93 41 9
i 346 15 58 95
i 308 39 2 83
i 195 65 63 39
i 996 7 65 90
i 924 92 23 96
i 917 19 65 43
i 746 51 38 85
i 447 67 44 76
i 495 98 35 48
i 817 30 30 55
i 258 44 14 52
i 728 76 55 74
i 916 13 62 95
i 620 11 29 77
i 137 58 55 49
i 483 8 66 61
i 834 60 66 63
i 317 32 45 27
i 686 59 78 26
i 947 47 67 34
i 726 69 59 79
i 901 84 55 4
i 122 45 88 23
i 13 97 84 96
i 393 84 13 49
i 882 9 97 22
i 100 83 88 14
i 325 71 18 10
i 478 86 45 72
i 748 40 12 18
i 381 5 74 14
i 151 87 32 8
i 613 23 34 66
i 778 56 30 20
i 542 48 49 43
i 220 57 27 46
i 782 67 73 23
i 535 89 48 41
i 161 49 91 89
i 326 62 85 55
i 49 91 62 9
i 88 86 4 33
i 906 47 98 30
i 9 42 11 0
i 597 40 8 40
i 222 26 28 85
i 115 60 66 86
i 379 50 63 24
i 741 15 1 6
i 707 53 37 22
i 544 27 71 55
i 814 57 90 34
i 805 4 53 69
i 806 86 67 81
i 250 24 28 69
i 791 66 35 2
i 279 55 86 33
i 651 94 23 4
i 827 8 40 63
i 272 77 28 94
i 111 6 0 68
i 521 84 58 26
i 656 67 37 69
i 614 92 95 9
i 838 23 60 0
i 851 0 22 73
i 245 39 66 31
i 596 92 44 54
i 937 32 34 59
i 821 74 61 18
i 306 39 51 83
i 628 90 98 13
i 983 78 77 51
i 200 84 36 39
i 244 98 95 95
i 210 96 78 76
i 368 97 63 20
i 480 5 61 48
i 143 5 85 30
i 711 75 66 78
i 532 29 94 71
i 792 97 94 23
i 274 98 99 47
i 975 42 79 17
i 287 19 6 99
i 681 7 77 3
i 380 40 24 72
i 178 35 8 15
i 487 41 69 47
i 405 41 33 86
i 536 68 78 63
i 4 85 54 60
i 73 2 7 66
i 903 82 24 50
i 365 28 77 11
i 186 15 13 97
i 809 51 29 70
i 475 41 17 81
i 311 3 57 52
i 159 89 63 12
i 794 66 56 52
i 985 75 12 79
i 783 32 23 77
i 163 29 97 8
i 697 5 73 34
i 762 73 40 55
i 79 40 53 9
i 798 53 81 46
i 277 13 19 65
i 772 89 28 91
i 206 22 75 62
i 428 9 53 18
i 50 84 87 79
i 489 82 65 33
i 759 48 13 27
i 641 4 36 14
i 663 19 40 36
i 967 77 88 45
i 870 42 23 78
i 946 74 91 78
i 844 97 55 12
i 297 21 78 68
i 339 7 11 82
i 59 28 26 63
i 95 28 56 26
i 796 51 30 78
i 565 2 64 9
i 519 64 83 26
i 201 5 86 18
i 496 13 34 13
i 395 80 81 57
i 299 49 84 19
i 61 43 49 3
i 276 28 45 0
i 459 68 96 45
i 682 44 39 8
i 959 97 27 25
i 992 86 9 14
i 893 78 21 6
i 77 69 55 97
i 928 42 5 53
i 62 25 86 35
i 963 66 29 78
i 673 9 20 14
i 140 51 4 89
i 153 38 46 72
i 273 84 63 85
i 691 50 64 64
i 520 77 37 73
i 209 4 11 93
i 342 77 20 28
i 174 60 91 72
i 600 30 13 20
i 991 33 23 30
i 357 95 66 33
i 786 53 84 6
i 904 38 30 69
i 515 68 22 21
i 123 89 11 16
i 831 17 19 7
i 668 43 87 99
i 102 79 71 61
i 564 78 31 1
i 106 77 9 9
i 633 80 84 47
i 512 25 85 63
i 802 16 4 92
i 624 90 36 75
i 815 85 67 7
i 286 58 12 56
i 872 26 78 83
i 417 51 60 27
i 398 9 98 19
i 998 15 4 94
i 484 61 98 43
i 358 55 54 90
i 313 61 83 3
i 420 13 16 49
i 655 41 84 59
i 664 51 20 4
i 768 75 96 88
i 402 96 51 97
i 225 78 64 9
i 889 51 96 47
i 253 78 42 73
i 322 10 71 76
i 635 24 94 43
i 173 72 38 42
i 987 27 29 81
i 403 47 31 30
i 864 43 97 1
i 742 90 17 3
i 386 8 63 27
i 765 75 21 52
i 323 32 4 80
i 65 1 86 37
i 437 37 8 41
i 739 92 52 15
i 964 92 63 81
i 372 8 29 6
i 316 1 77 29
i 117 50 9 89
i 530 54 22 45
i 957 6 60 55
i 994 94 20 37
i 721 45 98 83
i 853 95 14 8
i 572 80 69 65
i 999 84 66 8
i 335 70 4 46
i 248 67 61 26
i 479 41 62 43
i 698 68 83 34
i 121 18 17 0
i 476 84 40 64
i 78 6 92 5
i 913 57 7 4
i 52 17 52 95
i 148 18 62 63
i 879 59 14 38
i 263 9 33 18
i 404 34 20 70
i 752 95 75 85
i 445 88 38 47
i 407 84 89 92
i 119 75 96 3
i 581 27 97 10
i 292 55 41 56
i 727 62 48 36
i 810 11 0 45
i 85 44 72 54
i 400 9 87 50
i 518 39 17 23
i 120 80 10 79
i 779 45 80 49
i 48 84 81 99
i 458 47 59 84
i 735 99 77 26
i 591 1 60 77
i 204 72 69 88
i 813 3 21 36
i 375 98 56 15
i 696 80 44 74
i 492 18 26 82
i 639 7 72 84
i 160 24 66 74
i 877 94 87 52
i 960 63 81 11
i 931 24 8 40
i 592 33 8 13
i 504 96 31 62
i 890 14 3 87
i 376 59 82 0
i 566 73 50 44
i 634 60 72 34
i 399 21 24 1
i 743 77 63 63
i 127 49 10 69
i 584 23 7 56
i 31 6 5 14
i 854 52 31 16
i 242 9 99 56
i 170 5 79 90
i 646 64 6 78
i 185 25 84 42
i 369 27 51 88
i 446 96 84 47
i 66 16 27 40
i 658 27 5 17
i 788 40 32 49
i 818 44 87 5
i 91 4 96 5
i 881 61 7 95
i 157 96 24 31
i 636 30 97 68
i 753 63 9 34
i 58 58 79 53
i 293 3 78 68
i 231 93 94 45
i 907 4 51 92
i 740 24 58 96
i 223 92 78 31
i 942 79 84 96
i 755 68 7 80
i 485 72 87 88
i 760 40 39 58
i 965 76 16 86
i 269 54 23 10
i 390 30 74 22
i 247 92 14 17
i 704 67 44 56
i 603 4 82 64
i 915 43 83 53
i 211 34 28 40
i 40 76 70 32
i 878 71 83 79
i 334 97 27 13
i 67 81 54 41
i 875 81 68 97
i 932 86 63 42
