i 1 41 14 39
i 2 4 83 60
i 3 43 5 29
i 4 6 55 4
i 5 70 24 3
i 6 82 86 66
i 7 98 81 95
i 8 45 44 63
i 9 73 68 83
i 10 57 81 8
i 11 6 0 91
i 12 7 78 7
i 13 97 91 88
i 14 64 42 91
i 15 29 67 62
i 16 73 10 79
i 17 44 19 97
i 18 86 87 70
i 19 91 92 3
i 20 0 34 83
i 21 79 74 33
i 22 50 4 57
i 23 17 20 40
i 24 70 79 25
i 25 57 76 41
i 26 84 85 89
i 27 43 13 57
i 28 7 74 71
i 29 16 23 37
i 30 57 99 55
i 31 37 27 77
i 32 30 46 88
i 33 75 19 81
i 34 18 85 71
i 35 16 76 35
i 36 90 99 20
i 37 80 90 88
i 38 3 1 43
i 39 58 7 90
i 40 98 45 78
i 41 53 75 41
i 42 65 44 75
i 43 66 95 49
i 44 75 68 92
i 45 63 23 69
i 46 54 66 29
i 47 0 3 78
i 48 71 70 53
i 49 28 18 87
i 50 58 5 64
i 51 71 0 95
i 52 8 10 11
i 53 70 2 54
i 54 86 25 42
i 55 70 96 71
i 56 13 40 45
i 57 63 64 44
i 58 87 73 27
i 59 46 39 78
i 60 45 65 62
i 61 73 49 10
i 62 69 18 23
i 63 48 7 14
i 64 17 60 28
i 65 56 7 33
i 66 14 85 98
i 67 27 82 38
i 68 15 84 85
i 69 17 28 52
i 70 36 73 67
i 71 93 48 77
i 72 93 23 28
i 73 33 34 63
i 74 10 73 28
i 75 70 35 79
i 76 30 26 13
i 77 45 59 16
i 78 61 55 44
i 79 90 26 77
i 80 79 7 17
i 81 65 31 2
i 82 65 2 28
i 83 89 82 62
i 84 56 8 61
i 85 16 42 31
i 86 21 52 16
i 87 89 86 44
i 88 7 52 52
i 89 85 30 26
i 90 77 26 16
i 91 35 23 44
i 92 56 90 98
i 93 52 28 13
i 94 22 9 0
i 95 27 6 44
i 96 93 26 70
i 97 89 83 68
i 98 8 0 28
i 99 3 83 80
i 100 67 68 19
