c z_experiment_1
i 49 12 98 42
i 51 69 85 0
i 48 99 46 7
i 52 61 7 98
i 47 85 79 70
i 53 63 89 54
i 46 9 62 11
i 54 31 13 27
i 45 70 21 72
i 55 14 9 84
i 44 97 60 50
i 56 99 26 35
i 43 70 13 91
i 57 67 61 85
i 42 2 79 20
i 58 79 63 68
i 41 51 45 14
i 59 68 26 60
i 40 55 22 12
i 60 19 68 60
i 39 70 76 17
i 61 5 86 82
i 38 60 89 63
i 62 47 41 89
i 37 60 43 42
i 63 5 74 54
i 36 28 33 99
i 64 12 5 18
i 35 73 89 60
i 65 28 99 93
i 34 6 58 13
i 66 12 96 61
i 33 0 26 26
i 67 97 64 24
i 32 81 24 19
i 68 96 92 99
i 31 31 6 79
i 69 15 74 36
i 30 89 91 49
i 70 5 9 44
i 29 24 46 53
i 71 11 64 32
i 28 63 7 64
i 72 13 45 24
i 27 98 2 46
i 73 22 1 47
i 26 6 7 44
i 74 4 29 47
i 25 61 64 76
i 75 73 89 47
i 24 28 57 26
i 76 11 62 47
i 23 77 0 18
i 77 5 72 28
i 22 65 42 70
i 78 19 2 74
i 21 26 51 57
i 79 1 74 42
i 20 32 79 98
i 80 46 38 9
i 19 95 85 73
i 81 77 62 56
i 18 3 22 10
i 82 17 70 3
i 17 64 38 3
i 83 73 15 15
i 16 46 61 49
i 84 90 7 71
i 15 48 6 35
i 85 86 33 27
i 14 5 62 95
i 86 79 3 82
i 13 1 60 67
i 87 44 4 73
i 12 66 35 26
i 88 34 82 5
i 11 53 83 15
i 89 30 30 12
i 10 98 82 24
i 90 53 65 3
i 9 88 21 86
i 91 35 55 5
i 8 81 22 13
i 92 30 20 71
i 7 85 48 78
i 93 55 61 21
i 6 10 16 90
i 94 72 41 28
i 5 91 99 69
i 95 3 76 49
i 4 0 54 52
i 96 50 10 68
i 3 36 45 69
i 97 96 89 20
i 2 64 6 56
i 98 90 7 42
i 1 88 21 41
i 99 22 31 96
i 0 37 35 29
i 100 47 48 65
q
